place(4.271, -6.368, 11.189, "Electroshocker", 375)
upgrade(4.271, -5.018, 11.189, 200)
upgrade(4.271, -5.018, 11.189, 700)
place(6.729, -6.368, 9.361, "Electroshocker", 375)
upgrade(6.729, -5.018, 9.361, 200)
upgrade(6.729, -5.018, 9.361, 700)
place(5.326, -6.368, 14.047, "Electroshocker", 375)
upgrade(5.326, -5.018, 14.047, 200)
upgrade(5.326, -5.018, 14.047, 700)
place(7.803, -6.368, 12.192, "Electroshocker", 375)
upgrade(7.803, -5.018, 12.192, 200)
upgrade(7.803, -5.018, 12.192, 700)
place(2.678, -6.368, 6.699, "Electroshocker", 375)
upgrade(2.678, -5.018, 6.699, 200)
upgrade(2.678, -5.018, 6.699, 700)
place(1.526, -6.368, 3.864, "Electroshocker", 375)
upgrade(1.526, -5.018, 3.864, 200)
upgrade(1.526, -5.018, 3.864, 700)
place(5.128, -6.368, 4.828, "Electroshocker", 375)
upgrade(5.128, -5.018, 4.828, 200)
upgrade(5.128, -5.018, 4.828, 700)
place(0.295, -6.368, 14.130, "Electroshocker", 375)
upgrade(0.295, -5.018, 14.130, 200)
upgrade(0.295, -5.018, 14.130, 700)
place(-2.286, -6.368, 15.808, "Electroshocker", 375)
upgrade(-2.286, -5.018, 15.808, 200)
upgrade(-2.286, -5.018, 15.808, 700)
place(-5.281, -6.368, 16.529, "Electroshocker", 375)
upgrade(-5.281, -5.018, 16.529, 200)
upgrade(-5.281, -5.018, 16.529, 700)
place(-0.677, -6.368, 0.525, "DJ Booth", 850)
upgrade(-0.677, -5.003, 0.525, 300)
upgrade(-0.677, -5.003, 0.525, 1250)
upgrade(-0.677, -5.003, 0.525, 3000)
SetDjTrack(-0.677, -5.003, 0.525, "Green", 48)
DropTheBeat(-0.677, -5.003, 0.525, 48)
place(7.558, -6.368, 2.918, "Crook Boss", 1600)
upgrade(7.558, -5.018, 2.918, 1150)
DropTheBeat(-0.677, -5.003, 0.525, 1641)
upgrade(7.558, -5.018, 2.918, 3400)
place(3.936, -6.368, 2.053, "Crook Boss", 1600)
upgrade(3.936, -5.018, 2.053, 1150)
DropTheBeat(-0.677, -5.003, 0.525, 716)
upgrade(3.936, -5.018, 2.053, 3400)
DropTheBeat(-0.677, -5.003, 0.525, 1720)
place(9.075, -6.368, 0.218, "Crook Boss", 1600)
upgrade(9.075, -5.018, 0.218, 1150)
upgrade(9.075, -5.018, 0.218, 3400)
upgrade(9.075, -5.018, 0.218, 13500)
DropTheBeat(-0.677, -5.003, 0.525, 2601)
place(5.982, -6.368, -0.167, "Crook Boss", 1600)
upgrade(5.982, -5.018, -0.167, 1150)
upgrade(5.982, -5.018, -0.167, 3400)
place(3.065, -6.368, -0.925, "Crook Boss", 1600)
upgrade(3.065, -5.018, -0.925, 1150)
DropTheBeat(-0.677, -5.003, 0.525, 2994)
upgrade(3.065, -5.018, -0.925, 3400)
DropTheBeat(-0.677, -5.003, 0.525, 8879)
upgrade(-0.677, -5.003, 0.525, 8000)
DropTheBeat(-0.677, -5.003, 0.525, 16872)
upgrade(-0.677, -5.003, 0.525, 20000)
upgrade(2.678, -5.018, 6.699, 2500)
DropTheBeat(-0.677, -5.003, 0.525, 2197)
upgrade(2.678, -5.018, 6.699, 6350)
DropTheBeat(-0.677, -5.003, 0.525, 6970)
upgrade(2.678, -5.018, 6.699, 16935)
upgrade(5.128, -5.018, 4.828, 2500)
DropTheBeat(-0.677, -5.003, 0.525, 1772)
upgrade(5.128, -5.018, 4.828, 6350)
upgrade(5.128, -5.018, 4.828, 16935)
DropTheBeat(-0.677, -5.003, 0.525, 1576)
DropTheBeat(-0.677, -5.003, 0.525, 6976)
upgrade(1.526, -5.018, 3.864, 2500)
upgrade(1.526, -5.018, 3.864, 6350)
DropTheBeat(-0.677, -5.003, 0.525, 16538)
upgrade(1.526, -5.018, 3.864, 16935)
upgrade(4.271, -5.018, 11.189, 2500)
DropTheBeat(-0.677, -5.003, 0.525, 8269)
upgrade(4.271, -5.018, 11.189, 6350)
upgrade(4.271, -5.018, 11.189, 16935)
upgrade(6.729, -5.018, 9.361, 2500)
DropTheBeat(-0.677, -5.003, 0.525, 1661)
upgrade(6.729, -5.018, 9.361, 6350)
upgrade(6.729, -5.018, 9.361, 16935)
DropTheBeat(-0.677, -5.003, 0.525, 2581)
upgrade(7.803, -5.018, 12.192, 2500)
upgrade(7.803, -5.018, 12.192, 6350)
upgrade(7.803, -5.018, 12.192, 16935)
upgrade(5.326, -5.018, 14.047, 2500)
upgrade(5.326, -5.018, 14.047, 6350)
upgrade(5.326, -5.018, 14.047, 16935)
upgrade(0.295, -5.018, 14.130, 2500)
DropTheBeat(-0.677, -5.003, 0.525, 2856)
DropTheBeat(-0.677, -5.003, 0.525, 9846)
upgrade(0.295, -5.018, 14.130, 6350)
upgrade(0.295, -5.018, 14.130, 16935)
upgrade(-2.286, -5.018, 15.808, 2500)
upgrade(-2.286, -5.018, 15.808, 6350)
DropTheBeat(-0.677, -5.003, 0.525, 5076)
upgrade(-2.286, -5.018, 15.808, 16935)
upgrade(-5.281, -5.018, 16.529, 2500)
upgrade(-5.281, -5.018, 16.529, 6350)
DropTheBeat(-0.677, -5.003, 0.525, 11851)
upgrade(-5.281, -5.018, 16.529, 16935)
upgrade(3.936, -5.018, 2.053, 13500)
DropTheBeat(-0.677, -5.003, 0.525, 33001)
upgrade(3.936, -5.018, 2.053, 47500)
upgrade(7.558, -5.018, 2.918, 13500)
DropTheBeat(-0.677, -5.003, 0.525, 18845)
upgrade(7.558, -5.018, 2.918, 47500)
upgrade(3.065, -5.018, -0.925, 13500)
SetDjTrack(-0.677, -5.003, 0.525, "Red", 8751)
SetDjTrack(-0.677, -5.003, 0.525, "Green", 35578)
DropTheBeat(-0.677, -5.003, 0.525, 35578)
upgrade(3.065, -5.018, -0.925, 47500)
upgrade(5.982, -5.018, -0.167, 13500)
DropTheBeat(-0.677, -5.003, 0.525, 35249)
upgrade(5.982, -5.018, -0.167, 47500)
SetDjTrack(-0.677, -5.003, 0.525, "Red", 10624)
upgrade(9.075, -5.018, 0.218, 47500)
upgrade(9.075, -5.018, 0.218, 47549)
SetDjTrack(-0.677, -5.003, 0.525, "Green", 2549)
DropTheBeat(-0.677, -5.003, 0.525, 2549)
place(9.600, -6.368, -3.337, "Turret", 8250)
upgrade(9.600, -5.738, -3.337, 3250)
upgrade(9.600, -5.738, -3.337, 7500)
SetDjTrack(-0.677, -5.003, 0.525, "Red", 7476)
upgrade(9.600, -5.738, -3.337, 20000)
DropTheBeat(-0.677, -5.003, 0.525, 21589)
upgrade(9.600, -5.738, -3.337, 35000)
SetDjTrack(-0.677, -5.003, 0.525, "Green", 71185)
DropTheBeat(-0.677, -5.003, 0.525, 71185)
upgrade(9.600, -5.738, -3.337, 75000)
place(5.379, -6.368, -3.665, "Turret", 8250)
upgrade(5.379, -5.738, -3.665, 3250)
upgrade(5.379, -5.738, -3.665, 7500)
SetDjTrack(-0.677, -5.003, 0.525, "Red", 19498)
SetDjTrack(-0.677, -5.003, 0.525, "Red", 34498)
upgrade(5.379, -5.738, -3.665, 20000)
upgrade(5.379, -5.738, -3.665, 35000)
upgrade(5.379, -5.738, -3.665, 75000)
place(0.883, -6.368, -3.825, "Turret", 8250)
upgrade(0.883, -5.738, -3.825, 3250)
upgrade(0.883, -5.738, -3.825, 7500)
DropTheBeat(-0.677, -5.003, 0.525, 12533)
upgrade(0.883, -5.738, -3.825, 20000)
upgrade(0.883, -5.738, -3.825, 35000)
upgrade(0.883, -5.738, -3.825, 75000)
place(-2.860, -6.368, -3.172, "Accelerator", 7500)
DropTheBeat(-0.677, -5.003, 0.525, 1090)
upgrade(-2.860, -5.018, -3.172, 2000)
upgrade(-2.860, -5.018, -3.172, 6000)
upgrade(-2.860, -5.018, -3.172, 9999)
upgrade(-2.860, -5.018, -3.172, 27500)
upgrade(-2.860, -5.018, -3.172, 60000)
place(-6.372, -6.368, -2.403, "Accelerator", 7500)
DropTheBeat(-0.677, -5.003, 0.525, 35654)
upgrade(-6.372, -5.018, -2.403, 2000)
upgrade(-6.372, -5.018, -2.403, 6000)
upgrade(-6.372, -5.018, -2.403, 9999)
upgrade(-6.372, -5.018, -2.403, 27500)
upgrade(-6.372, -5.018, -2.403, 60000)
place(14.052, -6.368, -1.027, "Accelerator", 7500)
upgrade(14.052, -5.018, -1.027, 2000)
upgrade(14.052, -5.018, -1.027, 6000)
upgrade(14.052, -5.018, -1.027, 9999)
DropTheBeat(-0.677, -5.003, 0.525, 5706)
DropTheBeat(-0.677, -5.003, 0.525, 9756)
upgrade(14.052, -5.018, -1.027, 27500)
upgrade(14.052, -5.018, -1.027, 60000)
place(16.010, -6.368, -4.035, "Accelerator", 7500)
upgrade(16.010, -5.018, -4.035, 2000)
upgrade(16.010, -5.018, -4.035, 6000)
upgrade(16.010, -5.018, -4.035, 9999)
DropTheBeat(-0.677, -5.003, 0.525, 14349)
upgrade(16.010, -5.018, -4.035, 27500)
upgrade(16.010, -5.018, -4.035, 60000)
DropTheBeat(-0.677, -5.003, 0.525, 37624)
place(17.585, -6.368, -0.849, "Accelerator", 7500)
upgrade(17.585, -5.018, -0.849, 2000)
upgrade(17.585, -5.018, -0.849, 6000)
upgrade(17.585, -5.018, -0.849, 9999)
upgrade(17.585, -5.018, -0.849, 27500)
upgrade(17.585, -5.018, -0.849, 60000)
DropTheBeat(-0.677, -5.003, 0.525, 84895)
DropTheBeat(-0.677, -5.003, 0.525, 237395)
DropTheBeat(-0.677, -5.003, 0.525, 332395)
DropTheBeat(-0.677, -5.003, 0.525, 532395)
DropTheBeat(-0.677, -5.003, 0.525, 557395)
DropTheBeat(-0.677, -5.003, 0.525, 569895)
